85 14 1 18
0 0 65
0 1 16
1 0 48
1 1 76
2 0 76
2 1 67
3 0 8
3 1 3
4 0 0
4 1 43
5 0 58
5 1 80
6 0 80
6 1 43
7 0 39
7 1 54
8 0 1
8 1 64
9 0 12
9 1 16
10 0 73
10 1 23
11 0 65
11 1 35
12 0 80
12 1 16
13 0 82
13 1 46
14 0 36
14 1 5
15 0 60
15 1 7
16 0 48
16 1 79
17 0 9
17 1 76
18 0 50
18 1 38
19 0 46
19 1 47
20 0 60
20 1 27
21 0 41
21 1 3
22 0 28
22 1 76
23 0 83
23 1 47
24 0 22
24 1 44
25 0 81
25 1 25
26 0 16
26 1 83
27 0 73
27 1 68
28 0 22
28 1 22
29 0 8
29 1 43
30 0 50
30 1 62
31 0 54
31 1 26
32 0 68
32 1 5
33 0 63
33 1 78
34 0 71
34 1 75
35 0 14
35 1 17
36 0 7
36 1 64
37 0 80
37 1 31
38 0 68
38 1 12
39 0 73
39 1 55
40 0 11
40 1 72
41 0 36
41 1 84
42 0 53
42 1 12
43 0 59
43 1 15
44 0 36
44 1 22
45 0 1
45 1 1
46 0 53
46 1 61
47 0 65
47 1 72
48 0 54
48 1 29
49 0 68
49 1 33
50 0 67
50 1 46
51 0 81
51 1 67
52 0 45
52 1 48
53 0 63
53 1 29
54 0 84
54 1 74
55 0 40
55 1 61
56 0 22
56 1 72
57 0 27
57 1 1
58 0 66
58 1 57
59 0 72
59 1 33
60 0 84
60 1 37
61 0 15
61 1 77
62 0 55
62 1 84
63 0 46
63 1 55
64 0 30
64 1 10
65 0 55
65 1 56
66 0 15
66 1 79
67 0 51
67 1 41
68 0 6
68 1 50
69 0 36
69 1 6
70 0 52
70 1 10
71 0 20
71 1 6
72 0 71
72 1 13
73 0 7
73 1 60
74 0 15
74 1 78
75 0 0
75 1 53
76 0 76
76 1 71
77 0 60
77 1 62
78 0 32
78 1 31
79 0 31
79 1 27
80 0 3
80 1 78
81 0 44
81 1 56
82 0 37
82 1 42
83 0 39
83 1 34
84 0 37
84 1 1
