58 14 7 31 11 54 14 36 41 38
0 0 42
0 1 15
1 0 31
1 1 40
2 0 55
2 1 33
3 0 23
3 1 19
4 0 20
4 1 5
5 0 20
5 1 14
6 0 4
6 1 10
7 0 15
7 1 19
8 0 17
8 1 2
9 0 37
9 1 26
10 0 43
10 1 0
11 0 19
11 1 9
12 0 6
12 1 9
13 0 56
13 1 43
14 0 20
14 1 1
15 0 48
15 1 48
16 0 0
16 1 54
17 0 11
17 1 32
18 0 5
18 1 24
19 0 4
19 1 29
20 0 19
20 1 57
21 0 6
21 1 0
22 0 30
22 1 10
23 0 50
23 1 0
24 0 21
24 1 11
25 0 26
25 1 49
26 0 46
26 1 10
27 0 13
27 1 44
28 0 54
28 1 34
29 0 7
29 1 27
30 0 25
30 1 16
31 0 39
31 1 37
32 0 21
32 1 23
33 0 21
33 1 36
34 0 24
34 1 13
35 0 34
35 1 15
36 0 23
36 1 45
37 0 49
37 1 13
38 0 0
38 1 7
39 0 43
39 1 46
40 0 35
40 1 47
41 0 12
41 1 33
42 0 16
42 1 0
43 0 32
43 1 29
44 0 0
44 1 26
45 0 46
45 1 25
46 0 11
46 1 37
47 0 36
47 1 54
48 0 47
48 1 18
49 0 15
49 1 52
50 0 25
50 1 48
51 0 12
51 1 9
52 0 46
52 1 27
53 0 39
53 1 33
54 0 20
54 1 32
55 0 40
55 1 7
56 0 52
56 1 26
57 0 4
57 1 29
