94 33 4 55 58 27 20
0 0 45
0 1 67
1 0 28
1 1 55
2 0 23
2 1 45
3 0 73
3 1 12
4 0 55
4 1 24
5 0 58
5 1 45
6 0 33
6 1 61
7 0 58
7 1 35
8 0 12
8 1 18
9 0 30
9 1 20
10 0 6
10 1 76
11 0 50
11 1 78
12 0 33
12 1 46
13 0 10
13 1 75
14 0 41
14 1 5
15 0 12
15 1 28
16 0 23
16 1 90
17 0 0
17 1 2
18 0 89
18 1 54
19 0 81
19 1 77
20 0 9
20 1 28
21 0 48
21 1 57
22 0 44
22 1 26
23 0 18
23 1 78
24 0 39
24 1 75
25 0 16
25 1 45
26 0 17
26 1 20
27 0 12
27 1 20
28 0 85
28 1 41
29 0 12
29 1 63
30 0 62
30 1 60
31 0 86
31 1 8
32 0 21
32 1 26
33 0 48
33 1 80
34 0 5
34 1 11
35 0 92
35 1 9
36 0 92
36 1 27
37 0 69
37 1 24
38 0 93
38 1 76
39 0 8
39 1 44
40 0 5
40 1 79
41 0 58
41 1 50
42 0 25
42 1 23
43 0 76
43 1 10
44 0 14
44 1 82
45 0 67
45 1 6
46 0 7
46 1 62
47 0 92
47 1 72
48 0 57
48 1 75
49 0 24
49 1 68
50 0 24
50 1 33
51 0 8
51 1 73
52 0 86
52 1 59
53 0 46
53 1 13
54 0 4
54 1 89
55 0 92
55 1 50
56 0 26
56 1 1
57 0 59
57 1 18
58 0 6
58 1 52
59 0 63
59 1 22
60 0 21
60 1 3
61 0 39
61 1 69
62 0 7
62 1 25
63 0 26
63 1 56
64 0 14
64 1 75
65 0 40
65 1 42
66 0 33
66 1 20
67 0 16
67 1 76
68 0 31
68 1 20
69 0 49
69 1 90
70 0 7
70 1 27
71 0 67
71 1 64
72 0 74
72 1 39
73 0 48
73 1 59
74 0 39
74 1 16
75 0 86
75 1 52
76 0 41
76 1 21
77 0 38
77 1 85
78 0 68
78 1 18
79 0 9
79 1 79
80 0 69
80 1 51
81 0 70
81 1 47
82 0 55
82 1 7
83 0 87
83 1 63
84 0 68
84 1 4
85 0 28
85 1 2
86 0 79
86 1 2
87 0 34
87 1 41
88 0 80
88 1 29
89 0 84
89 1 37
90 0 77
90 1 57
91 0 48
91 1 79
92 0 70
92 1 6
93 0 38
93 1 20
