62 38 2 47 57
0 0 55
0 1 24
1 0 38
1 1 22
2 0 36
2 1 40
3 0 59
3 1 23
4 0 3
4 1 11
5 0 9
5 1 24
6 0 38
6 1 46
7 0 23
7 1 51
8 0 45
8 1 6
9 0 16
9 1 45
10 0 15
10 1 47
11 0 24
11 1 35
12 0 0
12 1 8
13 0 9
13 1 14
14 0 28
14 1 50
15 0 33
15 1 9
16 0 51
16 1 16
17 0 38
17 1 26
18 0 26
18 1 53
19 0 46
19 1 1
20 0 19
20 1 29
21 0 24
21 1 10
22 0 45
22 1 4
23 0 51
23 1 18
24 0 23
24 1 20
25 0 26
25 1 20
26 0 3
26 1 32
27 0 37
27 1 38
28 0 10
28 1 50
29 0 58
29 1 1
30 0 36
30 1 13
31 0 29
31 1 46
32 0 45
32 1 19
33 0 46
33 1 10
34 0 26
34 1 30
35 0 61
35 1 58
36 0 33
36 1 51
37 0 61
37 1 6
38 0 52
38 1 46
39 0 14
39 1 61
40 0 36
40 1 31
41 0 17
41 1 13
42 0 11
42 1 27
43 0 21
43 1 18
44 0 25
44 1 7
45 0 30
45 1 51
46 0 34
46 1 51
47 0 34
47 1 11
48 0 18
48 1 5
49 0 58
49 1 3
50 0 51
50 1 48
51 0 46
51 1 28
52 0 48
52 1 43
53 0 44
53 1 41
54 0 36
54 1 30
55 0 60
55 1 2
56 0 25
56 1 52
57 0 42
57 1 17
58 0 24
58 1 0
59 0 36
59 1 5
60 0 10
60 1 55
61 0 55
61 1 30
