54 5 7 27 11 48 39 12 36 45
0 0 26
0 1 48
1 0 6
1 1 31
2 0 2
2 1 14
3 0 39
3 1 11
4 0 22
4 1 37
5 0 44
5 1 51
6 0 4
6 1 13
7 0 12
7 1 19
8 0 8
8 1 37
9 0 12
9 1 0
10 0 34
10 1 8
11 0 2
11 1 50
12 0 22
12 1 1
13 0 5
13 1 6
14 0 41
14 1 42
15 0 46
15 1 27
16 0 24
16 1 8
17 0 37
17 1 27
18 0 47
18 1 8
19 0 35
19 1 31
20 0 16
20 1 27
21 0 23
21 1 7
22 0 36
22 1 6
23 0 21
23 1 26
24 0 23
24 1 46
25 0 48
25 1 16
26 0 33
26 1 39
27 0 18
27 1 30
28 0 33
28 1 41
29 0 30
29 1 26
30 0 38
30 1 6
31 0 4
31 1 26
32 0 18
32 1 41
33 0 28
33 1 49
34 0 45
34 1 15
35 0 4
35 1 46
36 0 13
36 1 45
37 0 49
37 1 30
38 0 41
38 1 39
39 0 8
39 1 36
40 0 43
40 1 20
41 0 32
41 1 40
42 0 31
42 1 53
43 0 21
43 1 31
44 0 21
44 1 25
45 0 16
45 1 17
46 0 45
46 1 9
47 0 6
47 1 8
48 0 14
48 1 40
49 0 6
49 1 34
50 0 26
50 1 15
51 0 15
51 1 10
52 0 44
52 1 6
53 0 52
53 1 27
