75 27 2 24 44
0 0 34
0 1 57
1 0 25
1 1 61
2 0 40
2 1 1
3 0 48
3 1 12
4 0 0
4 1 42
5 0 39
5 1 45
6 0 28
6 1 69
7 0 72
7 1 25
8 0 18
8 1 3
9 0 59
9 1 26
10 0 38
10 1 26
11 0 23
11 1 12
12 0 28
12 1 6
13 0 28
13 1 0
14 0 59
14 1 23
15 0 68
15 1 72
16 0 30
16 1 37
17 0 2
17 1 35
18 0 36
18 1 27
19 0 67
19 1 63
20 0 45
20 1 59
21 0 47
21 1 38
22 0 72
22 1 24
23 0 44
23 1 49
24 0 73
24 1 28
25 0 25
25 1 4
26 0 69
26 1 60
27 0 33
27 1 18
28 0 68
28 1 12
29 0 28
29 1 46
30 0 59
30 1 45
31 0 74
31 1 40
32 0 2
32 1 72
33 0 29
33 1 54
34 0 19
34 1 26
35 0 72
35 1 67
36 0 49
36 1 19
37 0 38
37 1 16
38 0 44
38 1 24
39 0 48
39 1 42
40 0 47
40 1 47
41 0 26
41 1 35
42 0 33
42 1 18
43 0 49
43 1 40
44 0 40
44 1 61
45 0 44
45 1 67
46 0 7
46 1 47
47 0 36
47 1 16
48 0 49
48 1 68
49 0 57
49 1 6
50 0 8
50 1 15
51 0 34
51 1 45
52 0 43
52 1 24
53 0 31
53 1 51
54 0 37
54 1 15
55 0 29
55 1 12
56 0 10
56 1 74
57 0 32
57 1 22
58 0 66
58 1 71
59 0 25
59 1 33
60 0 24
60 1 50
61 0 19
61 1 69
62 0 54
62 1 32
63 0 25
63 1 62
64 0 49
64 1 61
65 0 63
65 1 31
66 0 15
66 1 72
67 0 69
67 1 6
68 0 36
68 1 18
69 0 53
69 1 52
70 0 39
70 1 21
71 0 32
71 1 7
72 0 62
72 1 54
73 0 23
73 1 37
74 0 74
74 1 35
