72 19 3 58 65 5
0 0 21
0 1 37
1 0 30
1 1 7
2 0 15
2 1 40
3 0 55
3 1 52
4 0 0
4 1 18
5 0 45
5 1 67
6 0 4
6 1 61
7 0 23
7 1 39
8 0 3
8 1 59
9 0 13
9 1 30
10 0 50
10 1 4
11 0 66
11 1 46
12 0 53
12 1 26
13 0 9
13 1 28
14 0 64
14 1 29
15 0 49
15 1 9
16 0 10
16 1 39
17 0 16
17 1 35
18 0 54
18 1 3
19 0 40
19 1 30
20 0 30
20 1 10
21 0 11
21 1 46
22 0 16
22 1 52
23 0 50
23 1 60
24 0 40
24 1 13
25 0 63
25 1 47
26 0 36
26 1 44
27 0 23
27 1 18
28 0 64
28 1 56
29 0 10
29 1 18
30 0 39
30 1 19
31 0 17
31 1 35
32 0 27
32 1 58
33 0 36
33 1 67
34 0 10
34 1 16
35 0 35
35 1 70
36 0 41
36 1 5
37 0 57
37 1 61
38 0 69
38 1 26
39 0 64
39 1 7
40 0 37
40 1 4
41 0 34
41 1 28
42 0 4
42 1 66
43 0 26
43 1 51
44 0 66
44 1 4
45 0 62
45 1 58
46 0 5
46 1 21
47 0 27
47 1 69
48 0 33
48 1 1
49 0 14
49 1 19
50 0 43
50 1 56
51 0 39
51 1 13
52 0 36
52 1 3
53 0 66
53 1 30
54 0 10
54 1 26
55 0 37
55 1 61
56 0 47
56 1 36
57 0 18
57 1 66
58 0 38
58 1 30
59 0 70
59 1 23
60 0 6
60 1 11
61 0 7
61 1 11
62 0 1
62 1 31
63 0 66
63 1 13
64 0 4
64 1 60
65 0 30
65 1 67
66 0 38
66 1 18
67 0 33
67 1 38
68 0 7
68 1 13
69 0 34
69 1 48
70 0 70
70 1 12
71 0 12
71 1 67
