49 13 6 37 38 13 46 8 25
0 0 18
0 1 28
1 0 14
1 1 44
2 0 42
2 1 35
3 0 47
3 1 16
4 0 9
4 1 31
5 0 45
5 1 15
6 0 22
6 1 47
7 0 16
7 1 47
8 0 16
8 1 20
9 0 6
9 1 18
10 0 35
10 1 0
11 0 48
11 1 40
12 0 42
12 1 19
13 0 20
13 1 1
14 0 35
14 1 14
15 0 41
15 1 6
16 0 38
16 1 28
17 0 28
17 1 10
18 0 39
18 1 27
19 0 46
19 1 40
20 0 40
20 1 14
21 0 12
21 1 14
22 0 9
22 1 45
23 0 1
23 1 13
24 0 19
24 1 20
25 0 40
25 1 22
26 0 19
26 1 44
27 0 44
27 1 15
28 0 28
28 1 47
29 0 12
29 1 4
30 0 2
30 1 18
31 0 9
31 1 47
32 0 7
32 1 37
33 0 39
33 1 16
34 0 7
34 1 18
35 0 44
35 1 21
36 0 11
36 1 20
37 0 16
37 1 47
38 0 46
38 1 6
39 0 34
39 1 39
40 0 41
40 1 28
41 0 41
41 1 8
42 0 37
42 1 35
43 0 35
43 1 20
44 0 43
44 1 45
45 0 38
45 1 19
46 0 4
46 1 2
47 0 40
47 1 13
48 0 41
48 1 11
