71 39 14 70 28 44 25 31 35 48 66 18 53 57 8 30 41
0 0 15
0 1 69
1 0 33
1 1 27
2 0 35
2 1 3
3 0 13
3 1 10
4 0 25
4 1 21
5 0 41
5 1 26
6 0 25
6 1 49
7 0 66
7 1 55
8 0 25
8 1 2
9 0 27
9 1 20
10 0 28
10 1 50
11 0 35
11 1 20
12 0 11
12 1 51
13 0 20
13 1 42
14 0 62
14 1 52
15 0 45
15 1 38
16 0 47
16 1 34
17 0 22
17 1 57
18 0 36
18 1 47
19 0 28
19 1 34
20 0 43
20 1 12
21 0 31
21 1 50
22 0 25
22 1 2
23 0 69
23 1 50
24 0 67
24 1 15
25 0 16
25 1 32
26 0 10
26 1 46
27 0 53
27 1 40
28 0 4
28 1 57
29 0 11
29 1 23
30 0 51
30 1 9
31 0 56
31 1 29
32 0 59
32 1 7
33 0 39
33 1 46
34 0 17
34 1 13
35 0 24
35 1 31
36 0 20
36 1 48
37 0 13
37 1 37
38 0 46
38 1 37
39 0 9
39 1 9
40 0 4
40 1 42
41 0 51
41 1 18
42 0 28
42 1 62
43 0 50
43 1 24
44 0 36
44 1 66
45 0 49
45 1 7
46 0 12
46 1 55
47 0 57
47 1 22
48 0 4
48 1 14
49 0 1
49 1 18
50 0 23
50 1 60
51 0 6
51 1 64
52 0 62
52 1 23
53 0 9
53 1 30
54 0 0
54 1 46
55 0 6
55 1 16
56 0 29
56 1 20
57 0 53
57 1 11
58 0 70
58 1 53
59 0 8
59 1 31
60 0 50
60 1 6
61 0 3
61 1 56
62 0 32
62 1 29
63 0 38
63 1 64
64 0 25
64 1 49
65 0 61
65 1 8
66 0 17
66 1 13
67 0 64
67 1 41
68 0 32
68 1 68
69 0 15
69 1 37
70 0 6
70 1 1
